DATASET:
  TYPE: 'NYU_Depth_v2'
  PATH: '/dataset/nyu_depth_v2/official_splits/'

DATA:
  MIN_DEPTH: 0.001
  MAX_DEPTH: 10.0
  NORMALIZE_MEAN: [0.485, 0.456, 0.406]
  NORMALIZE_STD: [0.229, 0.224, 0.225]
  PCA_LIGHTING: 0.1
  PCA_EIGVAL: [0.2175, 0.0188, 0.0045]
  PCA_EIGVEC: [[-0.5675,  0.7192,  0.4009],
               [-0.5808, -0.0045, -0.8140],
               [-0.5836, -0.6948,  0.4203]]
  SCALE_SIZE_MIN: 416
  RANDOM_ROT_DEGREE: 5
  CENTER_CROP_SIZE: [640,480]
  TRAIN_CROP_SIZE: [544,416]
  OUTPUT_SIZE: [640, 480]
  RANDOM_BRIGHTNESS: 0.4
  RANDOM_CONTRAST: 0.4
  RANDOM_SATURATION: 0.4
  FX_Depth: 5.8262448167737955e+02
  FY_Depth: 5.8269103270988637e+02
  CX_Depth: 3.1304475870804731e+02
  CY_Depth: 2.3844389626620386e+02